Num_G_nodes, Avg_time, Max_cost, Avg_cost, Netx_avg_cost, Percent_MIS, Density
15,0.07344579696655273,10.0,10.0,9.4,1.0,0.1
16,0.07755599021911622,9.0,9.0,8.2,1.0,0.1
17,0.07831287384033203,10.0,10.0,10.0,1.0,0.1
18,0.08289437294006348,11.0,11.0,11.0,1.0,0.1
19,0.08478250503540039,12.0,12.0,11.2,1.0,0.1
20,0.08187651634216309,12.0,12.0,10.4,1.0,0.1
21,0.08232016563415527,12.0,12.0,10.6,1.0,0.1
22,0.08401727676391602,13.0,13.0,11.4,1.0,0.1
23,0.08783540725708008,15.0,15.0,12.4,1.0,0.1
24,0.08656983375549317,13.0,12.8,11.4,1.0,0.1
25,0.08563003540039063,14.0,14.0,12.8,1.0,0.1
26,0.08720440864562988,15.0,15.0,13.0,1.0,0.1
27,0.09402198791503906,15.0,15.0,12.8,1.0,0.1
28,0.08827996253967285,15.0,15.0,12.8,1.0,0.1
29,0.08929152488708496,15.0,15.0,12.2,1.0,0.1
30,0.09523406028747558,16.0,16.0,12.8,1.0,0.1
31,0.10045480728149414,17.0,17.0,14.6,1.0,0.1
32,0.0989457607269287,16.0,16.0,14.2,1.0,0.1
33,0.10646204948425293,17.0,17.0,15.6,1.0,0.1
34,0.1030383586883545,18.0,18.0,15.6,1.0,0.1
35,0.10257177352905274,18.0,18.0,14.6,1.0,0.1
36,0.10092582702636718,17.0,17.0,14.6,1.0,0.1
37,0.11046700477600098,17.0,17.0,13.6,1.0,0.1
38,0.11018023490905762,19.0,19.0,16.2,1.0,0.1
39,0.1074294090270996,17.0,16.8,15.0,1.0,0.1
40,0.11116280555725097,19.0,18.8,17.2,1.0,0.1
41,0.10908703804016114,17.0,16.4,14.6,1.0,0.1
42,0.11162261962890625,20.0,20.0,16.6,1.0,0.1
43,0.11612682342529297,19.0,19.0,17.0,1.0,0.1
44,0.11781144142150879,20.0,19.2,17.0,1.0,0.1
45,0.11987628936767578,20.0,19.2,17.0,1.0,0.1
46,0.11800103187561035,20.0,19.6,15.2,1.0,0.1
47,0.12465438842773438,21.0,21.0,18.2,1.0,0.1
48,0.1252568244934082,22.0,21.8,17.4,1.0,0.1
49,0.12549324035644532,20.0,19.6,17.8,1.0,0.1
50,0.12276506423950195,21.0,20.4,18.0,1.0,0.1
51,0.1280351161956787,21.0,19.8,17.0,1.0,0.1
52,0.1318601608276367,21.0,20.4,18.2,1.0,0.1
53,0.13326902389526368,23.0,22.4,19.4,1.0,0.1
54,0.13704485893249513,23.0,22.4,18.4,1.0,0.1
55,0.13231701850891114,23.0,22.8,18.8,1.0,0.1
56,0.14069228172302245,24.0,24.0,18.4,1.0,0.1
57,0.13398118019104005,22.0,21.0,19.0,1.0,0.1
58,0.1326345443725586,22.0,21.6,19.0,1.0,0.1
59,0.1429366111755371,24.0,23.6,22.0,1.0,0.1
60,0.14837307929992677,25.0,25.0,20.4,1.0,0.1
61,0.1397242069244385,21.0,20.8,18.2,1.0,0.1
62,0.14516162872314453,24.0,23.6,18.4,1.0,0.1
63,0.15166716575622557,23.0,22.4,20.4,1.0,0.1
64,0.14872660636901855,24.0,22.8,19.4,1.0,0.1
65,0.15327138900756837,24.0,23.8,19.4,1.0,0.1
66,0.15190157890319825,24.0,23.4,18.8,1.0,0.1
67,0.15747513771057128,25.0,24.6,19.4,1.0,0.1
68,0.1675097942352295,26.0,25.0,20.2,1.0,0.1
69,0.16029119491577148,25.0,24.0,19.2,1.0,0.1
70,0.1605907917022705,25.0,23.6,20.4,1.0,0.1
71,0.16625494956970216,26.0,25.2,21.8,1.0,0.1
72,0.16166629791259765,24.0,23.4,21.2,1.0,0.1
73,0.17925963401794434,28.0,27.4,19.2,1.0,0.1
74,0.17328391075134278,26.0,25.4,20.4,1.0,0.1
75,0.17178049087524414,25.0,24.6,20.8,1.0,0.1
76,0.1714038372039795,25.0,23.8,19.4,1.0,0.1
77,0.17264871597290038,26.0,25.8,20.4,1.0,0.1
78,0.17580904960632324,27.0,25.6,22.0,1.0,0.1
79,0.17228474617004394,26.0,24.8,21.2,1.0,0.1
80,0.18546319007873535,28.0,27.4,21.6,1.0,0.1
81,0.17630295753479003,27.0,25.4,22.0,1.0,0.1
82,0.19934797286987305,29.0,27.4,22.8,1.0,0.1
83,0.1876530170440674,28.0,26.4,21.8,1.0,0.1
84,0.18864088058471679,28.0,26.6,21.2,1.0,0.1
85,0.195363187789917,29.0,28.2,23.0,1.0,0.1
86,0.19487295150756836,29.0,27.0,23.6,1.0,0.1
87,0.18602523803710938,28.0,27.2,22.6,1.0,0.1
88,0.20544843673706054,27.0,27.0,22.2,1.0,0.1
89,0.19951558113098145,29.0,27.6,22.4,1.0,0.1
90,0.208496618270874,30.0,28.6,24.8,1.0,0.1
91,0.20361714363098143,31.0,29.8,23.0,1.0,0.1
92,0.2027724266052246,28.0,27.0,24.0,1.0,0.1
93,0.20603160858154296,28.0,27.0,23.8,1.0,0.1
94,0.2071310043334961,28.0,26.8,21.4,1.0,0.1
95,0.21632757186889648,30.0,29.2,22.6,1.0,0.1
96,0.2083181381225586,28.0,27.0,21.6,1.0,0.1
97,0.20607595443725585,26.0,25.8,23.0,1.0,0.1
98,0.2144378662109375,28.0,26.8,22.2,1.0,0.1
99,0.21269006729125978,29.0,28.0,23.0,1.0,0.1
100,0.20624775886535646,31.0,30.2,25.2,1.0,0.1
101,0.2160719871520996,29.0,28.0,24.2,1.0,0.1
102,0.22125802040100098,30.0,28.2,24.2,1.0,0.1
103,0.2263184070587158,30.0,28.4,23.8,1.0,0.1
104,0.22159934043884277,29.0,27.4,22.8,1.0,0.1
105,0.23771047592163086,31.0,29.0,25.4,1.0,0.1
106,0.23895702362060547,30.0,29.2,24.4,1.0,0.1
107,0.23086194992065429,28.0,26.6,23.8,1.0,0.1
108,0.25138063430786134,31.0,29.4,23.2,1.0,0.1
109,0.23072519302368164,30.0,28.6,25.0,1.0,0.1
110,0.24735093116760254,33.0,29.8,24.8,1.0,0.1
111,0.2534599781036377,32.0,30.0,24.6,1.0,0.1
112,0.24439539909362792,30.0,29.0,23.2,1.0,0.1
113,0.2712388515472412,32.0,30.2,24.2,1.0,0.1
114,0.24862051010131836,31.0,30.0,23.2,1.0,0.1
115,0.2630152702331543,32.0,31.0,23.2,1.0,0.1
116,0.2432084083557129,31.0,29.4,24.4,1.0,0.1
117,0.2612923145294189,32.0,29.2,25.4,1.0,0.1
118,0.25306062698364257,31.0,30.0,25.8,1.0,0.1
119,0.24606776237487793,30.0,29.0,24.8,1.0,0.1
120,0.26314144134521483,31.0,30.6,25.0,1.0,0.1
121,0.2755290985107422,32.0,31.0,25.4,1.0,0.1
122,0.26131210327148435,30.0,29.0,25.4,1.0,0.1
123,0.2739844799041748,32.0,30.0,27.2,1.0,0.1
124,0.2641550064086914,32.0,30.8,26.6,1.0,0.1
125,0.26023316383361816,32.0,30.4,23.8,1.0,0.1
126,0.2671632766723633,31.0,29.6,26.6,1.0,0.1
127,0.2716853141784668,32.0,30.2,26.6,1.0,0.1
128,0.26665549278259276,32.0,29.8,27.6,1.0,0.1
129,0.28187880516052244,31.0,30.6,25.2,1.0,0.1
130,0.2868815898895264,30.0,29.0,26.2,1.0,0.1
131,0.2908823013305664,32.0,31.0,27.6,1.0,0.1
132,0.28753271102905276,31.0,30.2,27.6,1.0,0.1
133,0.2967341899871826,32.0,31.0,24.8,1.0,0.1
134,0.30571870803833007,33.0,31.6,26.4,1.0,0.1
135,0.3068106651306152,35.0,33.4,26.8,1.0,0.1
136,0.29612298011779786,32.0,30.4,26.8,1.0,0.1
137,0.30567197799682616,34.0,33.0,29.2,1.0,0.1
138,0.3133983135223389,36.0,33.0,28.2,1.0,0.1
139,0.3241737365722656,32.0,31.2,25.2,1.0,0.1
140,0.3012405872344971,32.0,30.8,26.8,1.0,0.1
141,0.3185756206512451,32.0,31.2,24.8,1.0,0.1
142,0.33711671829223633,32.0,31.8,26.4,1.0,0.1
143,0.31342573165893556,34.0,31.8,25.6,1.0,0.1
144,0.3136565685272217,32.0,31.4,27.2,1.0,0.1
145,0.3299609661102295,32.0,31.8,25.8,1.0,0.1
146,0.3285717010498047,32.0,31.2,26.8,1.0,0.1
147,0.3348869800567627,33.0,31.8,25.8,1.0,0.1
148,0.3437671184539795,37.0,34.2,28.6,1.0,0.1
149,0.3298017501831055,35.0,33.8,30.0,1.0,0.1
150,0.3442887306213379,34.0,31.8,26.6,1.0,0.1
151,0.3339362144470215,34.0,30.8,26.2,1.0,0.1
152,0.3496145725250244,34.0,33.4,28.2,1.0,0.1
153,0.3351771354675293,34.0,31.4,27.0,1.0,0.1
154,0.3346292495727539,36.0,34.0,25.6,1.0,0.1
155,0.34007992744445803,34.0,31.8,27.4,1.0,0.1
156,0.3558330059051514,34.0,31.6,27.4,1.0,0.1
157,0.3560445785522461,34.0,32.8,28.2,1.0,0.1
158,0.34404497146606444,35.0,32.2,27.6,1.0,0.1
159,0.3710501670837402,34.0,33.2,28.0,1.0,0.1
160,0.37513084411621095,35.0,33.8,29.2,1.0,0.1
161,0.36530776023864747,34.0,32.4,28.0,1.0,0.1
162,0.36147274971008303,36.0,33.0,29.6,1.0,0.1
163,0.37899346351623536,36.0,33.8,28.4,1.0,0.1
164,0.3720701217651367,34.0,32.6,27.6,1.0,0.1
165,0.37911171913146974,35.0,32.4,27.0,1.0,0.1
166,0.37371506690979006,35.0,33.2,26.6,1.0,0.1
167,0.37676386833190917,34.0,33.0,28.8,1.0,0.1
168,0.38741064071655273,35.0,34.0,26.4,1.0,0.1
169,0.3963296890258789,36.0,34.4,28.2,1.0,0.1
170,0.39131526947021483,36.0,34.2,29.6,1.0,0.1
171,0.3929842472076416,34.0,33.2,26.6,1.0,0.1
172,0.4000878810882568,39.0,34.6,30.4,1.0,0.1
173,0.40810461044311525,34.0,33.2,28.4,1.0,0.1
174,0.3737664699554443,35.0,33.8,28.4,1.0,0.1
175,0.39923934936523436,36.0,34.6,26.6,1.0,0.1
176,0.3968992233276367,35.0,33.6,28.2,1.0,0.1
177,0.41992816925048826,33.0,32.4,28.2,1.0,0.1
178,0.40958237648010254,34.0,32.6,28.8,1.0,0.1
179,0.4599916934967041,38.0,35.2,29.4,1.0,0.1
180,0.41377935409545896,35.0,32.8,28.8,1.0,0.1
181,0.4187001705169678,36.0,34.8,27.4,1.0,0.1
182,0.4098930358886719,35.0,33.8,30.2,1.0,0.1
183,0.43454527854919434,37.0,33.4,30.2,1.0,0.1
184,0.41855654716491697,35.0,34.0,29.6,1.0,0.1
185,0.44499878883361815,35.0,33.6,27.2,1.0,0.1
186,0.4406144142150879,35.0,34.4,27.4,1.0,0.1
187,0.4622868537902832,36.0,33.6,29.6,1.0,0.1
188,0.4415249824523926,37.0,33.6,29.8,1.0,0.1
189,0.4500697612762451,35.0,34.0,28.8,1.0,0.1
190,0.4584157943725586,36.0,35.0,28.2,1.0,0.1
191,0.4472321033477783,36.0,34.8,30.2,1.0,0.1
192,0.44850668907165525,34.0,32.4,28.0,1.0,0.1
193,0.45574169158935546,37.0,35.2,29.8,1.0,0.1
194,0.44646854400634767,36.0,34.6,28.8,1.0,0.1
195,0.45965232849121096,39.0,35.2,30.2,1.0,0.1
196,0.46428647041320803,37.0,34.8,28.8,1.0,0.1
197,0.4564405918121338,36.0,34.4,28.2,1.0,0.1
198,0.47170867919921877,40.0,35.4,30.2,1.0,0.1
199,0.47781963348388673,35.0,34.2,29.4,1.0,0.1
15,0.07632412910461425,4.0,4.0,2.8,1.0,0.7
16,0.08195734024047852,4.0,4.0,3.2,1.0,0.7
17,0.07775835990905762,4.0,4.0,2.8,1.0,0.7
18,0.0812675952911377,4.0,4.0,3.0,1.0,0.7
19,0.08416457176208496,4.0,4.0,2.2,1.0,0.7
20,0.08718781471252442,4.0,4.0,3.0,1.0,0.7
21,0.09273738861083984,4.0,4.0,3.2,1.0,0.7
22,0.08931174278259277,4.0,4.0,2.6,1.0,0.7
23,0.09166159629821777,4.0,4.0,3.0,1.0,0.7
24,0.09108638763427734,4.0,4.0,2.8,1.0,0.7
25,0.09552211761474609,4.0,4.0,2.6,1.0,0.7
26,0.10226497650146485,5.0,5.0,3.6,1.0,0.7
27,0.10137300491333008,5.0,5.0,3.8,1.0,0.7
28,0.1004549503326416,4.0,4.0,3.2,1.0,0.7
29,0.10023136138916015,4.0,4.0,3.0,1.0,0.7
30,0.10259175300598145,4.0,4.0,3.4,1.0,0.7
31,0.11118721961975098,4.0,4.0,3.2,1.0,0.7
32,0.11082806587219238,4.0,4.0,3.0,1.0,0.7
33,0.10922422409057617,5.0,5.0,3.2,1.0,0.7
34,0.1068150520324707,5.0,4.8,3.8,1.0,0.7
35,0.12030210494995117,5.0,5.0,3.6,1.0,0.7
36,0.11385583877563477,4.0,4.0,3.2,1.0,0.7
37,0.11899285316467285,4.0,4.0,3.4,1.0,0.7
38,0.12271404266357422,5.0,5.0,3.0,1.0,0.7
39,0.12358922958374023,5.0,5.0,3.2,1.0,0.7
40,0.12853856086730958,5.0,4.6,3.6,1.0,0.7
41,0.13175530433654786,5.0,5.0,3.4,1.0,0.7
42,0.1327666759490967,5.0,5.0,4.2,1.0,0.7
43,0.13682594299316406,5.0,5.0,3.8,1.0,0.7
44,0.13377676010131836,5.0,4.6,3.2,1.0,0.7
45,0.14290118217468262,5.0,5.0,3.6,1.0,0.7
46,0.1406827449798584,5.0,5.0,3.2,1.0,0.7
47,0.14216976165771483,5.0,5.0,4.2,1.0,0.7
48,0.1474665641784668,5.0,5.0,4.0,1.0,0.7
49,0.13214559555053712,5.0,5.0,3.4,1.0,0.7
50,0.15043044090270996,5.0,4.8,4.2,1.0,0.7
51,0.1412044048309326,5.0,5.0,3.4,1.0,0.7
52,0.1675574779510498,5.0,5.0,3.8,1.0,0.7
53,0.15084657669067383,5.0,4.4,3.6,1.0,0.7
54,0.16425638198852538,5.0,5.0,3.8,1.0,0.7
55,0.16156458854675293,5.0,5.0,4.2,1.0,0.7
56,0.16041507720947265,5.0,4.8,3.4,1.0,0.7
57,0.15783419609069824,5.0,5.0,3.8,1.0,0.7
58,0.17339043617248534,6.0,5.8,4.0,1.0,0.7
59,0.16560730934143067,5.0,5.0,3.4,1.0,0.7
60,0.16486697196960448,5.0,5.0,3.8,1.0,0.7
61,0.16617860794067382,6.0,5.2,4.0,1.0,0.7
62,0.1749943256378174,6.0,6.0,3.6,1.0,0.7
63,0.17189340591430663,5.0,5.0,3.6,1.0,0.7
64,0.1771681785583496,5.0,5.0,3.4,1.0,0.7
65,0.18889870643615722,6.0,5.2,3.8,1.0,0.7
66,0.19798622131347657,6.0,5.4,4.4,1.0,0.7
67,0.1879424571990967,6.0,5.8,4.2,1.0,0.7
68,0.18406810760498046,5.0,5.0,3.4,1.0,0.7
69,0.1908022403717041,5.0,5.0,3.8,1.0,0.7
70,0.1891852378845215,5.0,5.0,4.2,1.0,0.7
71,0.19160089492797852,6.0,5.4,3.6,1.0,0.7
72,0.19271059036254884,5.0,5.0,4.2,1.0,0.7
73,0.1965848445892334,6.0,5.8,4.0,1.0,0.7
74,0.20263199806213378,6.0,5.4,4.2,1.0,0.7
75,0.20656962394714357,5.0,5.0,3.8,1.0,0.7
76,0.227974796295166,7.0,7.0,3.4,1.0,0.7
77,0.2005178451538086,6.0,5.2,4.0,1.0,0.7
78,0.2225496768951416,6.0,5.2,4.2,1.0,0.7
79,0.221757173538208,6.0,5.6,3.8,1.0,0.7
80,0.2218771457672119,6.0,5.2,4.0,1.0,0.7
81,0.21682443618774414,6.0,6.0,4.0,1.0,0.7
82,0.239241886138916,6.0,5.8,3.8,1.0,0.7
83,0.21416521072387695,6.0,5.2,4.4,1.0,0.7
84,0.2134979248046875,6.0,5.2,4.2,1.0,0.7
85,0.2174513339996338,6.0,5.8,4.2,1.0,0.7
86,0.2275007724761963,6.0,5.4,3.4,1.0,0.7
87,0.23881902694702148,6.0,5.2,4.0,1.0,0.7
88,0.23460044860839843,6.0,5.6,3.6,1.0,0.7
89,0.22959580421447753,6.0,5.6,4.2,1.0,0.7
90,0.2380643367767334,6.0,5.2,4.0,1.0,0.7
91,0.2420414447784424,6.0,5.8,4.0,1.0,0.7
92,0.23568906784057617,6.0,5.6,4.4,1.0,0.7
93,0.2513259410858154,6.0,5.6,4.6,1.0,0.7
94,0.2527332305908203,6.0,5.6,4.4,1.0,0.7
95,0.2564581871032715,6.0,5.8,4.4,1.0,0.7
96,0.23857927322387695,6.0,5.6,4.4,1.0,0.7
97,0.24002065658569335,6.0,5.2,4.6,1.0,0.7
98,0.2575988292694092,6.0,5.4,4.2,1.0,0.7
99,0.25081543922424315,6.0,5.8,4.0,1.0,0.7
100,0.23502635955810547,6.0,5.6,4.4,1.0,0.7
101,0.2731058120727539,6.0,5.2,4.4,1.0,0.7
102,0.2651087284088135,6.0,5.2,4.2,1.0,0.7
103,0.2808588981628418,6.0,5.2,4.2,1.0,0.7
104,0.2847119331359863,6.0,5.8,3.8,1.0,0.7
105,0.2756300926208496,6.0,5.8,4.2,1.0,0.7
106,0.28638710975646975,7.0,5.6,4.0,1.0,0.7
107,0.27170658111572266,6.0,5.2,4.4,1.0,0.7
108,0.28821573257446287,6.0,5.6,4.2,1.0,0.7
109,0.3010552406311035,6.0,5.2,4.2,1.0,0.7
110,0.2985679626464844,6.0,5.2,4.2,1.0,0.7
111,0.2973481178283691,6.0,5.6,4.0,1.0,0.7
112,0.3083709716796875,6.0,5.4,4.4,1.0,0.7
113,0.3002311229705811,6.0,5.2,4.0,1.0,0.7
114,0.30104970932006836,6.0,5.4,4.0,1.0,0.7
115,0.3352487564086914,6.0,5.8,4.6,1.0,0.7
116,0.3163436412811279,7.0,6.2,5.0,1.0,0.7
117,0.3129578590393066,6.0,5.4,5.0,1.0,0.7
118,0.3216544151306152,6.0,5.4,4.0,1.0,0.7
119,0.31580452919006347,6.0,5.4,4.2,1.0,0.7
120,0.3165584087371826,6.0,5.8,4.8,1.0,0.7
121,0.3351157188415527,6.0,5.6,4.8,1.0,0.7
122,0.3184323787689209,6.0,5.4,4.4,1.0,0.7
123,0.34267144203186034,6.0,5.8,4.0,1.0,0.7
124,0.3357079982757568,6.0,5.4,4.8,1.0,0.7
125,0.3573587894439697,6.0,5.4,4.2,1.0,0.7
126,0.33597664833068847,5.0,5.0,5.0,1.0,0.7
127,0.3585350513458252,6.0,5.4,3.8,1.0,0.7
128,0.35271396636962893,6.0,5.4,4.2,1.0,0.7
129,0.3553153514862061,6.0,5.6,4.8,1.0,0.7
130,0.36377415657043455,6.0,5.8,4.2,1.0,0.7
131,0.3743584156036377,6.0,5.4,4.6,1.0,0.7
132,0.34887094497680665,6.0,5.8,5.0,1.0,0.7
133,0.34014120101928713,6.0,5.8,4.6,1.0,0.7
134,0.40242772102355956,6.0,5.6,4.4,1.0,0.7
135,0.3690653800964355,6.0,5.4,4.6,1.0,0.7
136,0.3843522071838379,6.0,5.4,4.4,1.0,0.7
137,0.4078066825866699,6.0,5.6,4.4,1.0,0.7
138,0.3857853412628174,6.0,5.8,4.8,1.0,0.7
139,0.3887960433959961,6.0,6.0,4.2,1.0,0.7
140,0.4022667407989502,6.0,6.0,5.0,1.0,0.7
141,0.3502028942108154,6.0,5.6,4.2,1.0,0.7
142,0.4603102207183838,7.0,6.0,5.0,1.0,0.7
143,0.39350104331970215,6.0,5.6,4.4,1.0,0.7
144,0.41762261390686034,6.0,5.6,4.4,1.0,0.7
145,0.4041569709777832,6.0,5.6,4.8,1.0,0.7
146,0.4026331424713135,6.0,6.0,4.6,1.0,0.7
147,0.4054403781890869,6.0,5.6,4.6,1.0,0.7
148,0.4044963836669922,6.0,5.8,4.2,1.0,0.7
149,0.4176177978515625,6.0,5.6,4.8,1.0,0.7
150,0.4098364353179932,6.0,5.6,4.2,1.0,0.7
151,0.4218020439147949,6.0,5.8,4.4,1.0,0.7
152,0.3862332344055176,6.0,5.2,4.4,1.0,0.7
153,0.4350153923034668,6.0,5.6,4.2,1.0,0.7
154,0.4296457290649414,6.0,5.6,4.6,1.0,0.7
155,0.4522252559661865,7.0,6.0,5.0,1.0,0.7
156,0.4684150218963623,6.0,5.6,4.4,1.0,0.7
157,0.49055185317993166,6.0,6.0,4.0,1.0,0.7
158,0.45113205909729004,6.0,5.8,4.4,1.0,0.7
159,0.442717981338501,6.0,5.8,4.6,1.0,0.7
160,0.4589821815490723,6.0,5.2,5.0,1.0,0.7
161,0.45687098503112794,7.0,6.2,4.6,1.0,0.7
162,0.4386294364929199,6.0,5.6,4.4,1.0,0.7
163,0.45957579612731936,7.0,5.8,4.8,1.0,0.7
164,0.4744843006134033,7.0,6.0,4.6,1.0,0.7
165,0.4395782470703125,6.0,5.6,5.2,1.0,0.7
166,0.5185730934143067,6.0,5.8,4.6,1.0,0.7
167,0.44065289497375487,6.0,5.8,4.2,1.0,0.7
168,0.5221433639526367,6.0,6.0,4.8,1.0,0.7
169,0.5066808700561524,7.0,5.8,5.2,1.0,0.7
170,0.49381241798400877,6.0,5.8,4.4,1.0,0.7
171,0.45845599174499513,6.0,5.6,5.2,1.0,0.7
172,0.4511720657348633,6.0,5.4,4.4,1.0,0.7
173,0.5094576358795166,7.0,6.0,4.4,1.0,0.7
174,0.535373306274414,7.0,6.0,5.2,1.0,0.7
175,0.4673680305480957,6.0,6.0,4.6,1.0,0.7
176,0.5795243740081787,6.0,6.0,4.6,1.0,0.7
177,0.5048379898071289,7.0,6.2,4.6,1.0,0.7
178,0.47293863296508787,6.0,5.8,4.6,1.0,0.7
179,0.544675350189209,6.0,5.8,4.6,1.0,0.7
180,0.47333836555480957,6.0,5.4,4.8,1.0,0.7
181,0.5654771327972412,6.0,5.6,4.4,1.0,0.7
182,0.5889745712280273,7.0,6.2,4.6,1.0,0.7
183,0.5410145282745361,7.0,6.2,4.8,1.0,0.7
184,0.5149891376495361,6.0,5.8,5.0,1.0,0.7
185,0.6067479610443115,7.0,6.8,4.4,1.0,0.7
186,0.49503579139709475,6.0,5.8,5.2,1.0,0.7
187,0.5900613784790039,7.0,6.2,5.4,1.0,0.7
188,0.5502852916717529,6.0,5.8,4.8,1.0,0.7
189,0.5153725624084473,7.0,5.8,5.0,1.0,0.7
190,0.6027011871337891,6.0,5.8,4.8,1.0,0.7
191,0.6098625659942627,7.0,5.6,4.6,1.0,0.7
192,0.4987802028656006,7.0,5.8,5.4,1.0,0.7
193,0.5403282165527343,7.0,5.6,5.2,1.0,0.7
194,0.5810805320739746,6.0,6.0,4.4,1.0,0.7
195,0.5815889358520507,7.0,5.8,4.8,1.0,0.7
196,0.570140266418457,6.0,5.8,5.4,1.0,0.7
197,0.5578306674957275,7.0,6.0,4.6,1.0,0.7
198,0.6029609203338623,7.0,6.0,4.8,1.0,0.7
199,0.6101568222045899,6.0,5.6,4.6,1.0,0.7
